#Abbreviation	Tier	Description	HPO_Include	HPO_Exclude
GERM	1	Germline_disease	0000000;0000119;0000152;0000478;0000598;0000707;0000708;0000729;0000769;0000818;0000924;0001197;0001249;0001250;0001263;0001290;0001507;0001574;0001608;0001626;0001871;0001939;0002086;0002715;0003011;0003549;0025031;0040064;0045027;0100753	0002664
NEURO	2	Neurological_defect	0000707;0000708;0000729;0001249;0001250;0001263;0001290;0100753	0002664
NDD	3	Neurodevelopmental_disorder	0000729;0001263;0001249	0002664
ASD	4	Autism_spectrum_disorder	0000729	0002664
DD	4	Developmental_delay	0001263	0002664
ID	4	Intellectual_disability	0001249	0002664
PSYCH	3	Neuropsychiatric_disorder	0100753;0000708	0002664;0000729
SCZ	4	Schizophrenia	0100753	0002664
BEHAV	4	Behavioral_abnormality_other	0000708	0002664;0100753;0000729
SEIZ	4	Seizures	0001250	0002664
HYPO	4	Hypotonia	0001290	0002664
UNK	2	Unknown	0000000	NA
SOMA	2	Nonneurological_defect	0000119;0000152;0000478;0000598;0000769;0000818;0000924;0001197;0001507;0001574;0001608;0001626;0001871;0001939;0002086;0002715;0003011;0003549;0025031;0040064;0045027	0002664
DRU	4	Digestive_respiratory_or_urinary_defect	0025031;0002086;0000119	0002664
GRO	4	Growth_defect	0001507;0001197	0002664
INT	4	Integument_defect	0003549;0001871;0001574;0000769;0001608;0045027	0002664
SKEL	4	Skeletal_defect	0040064;0000924	0002664
HEAD	4	Head_or_neck_defect	0000152	0002664
MSC	4	Muscular_defect	0003011	0002664
CARD	4	Cardiac_defect	0001626	0002664
EE	4	Eye_or_ear_defect	0000478;0000598	0002664
EMI	4	Endocrine_metabolic_or_immune_defect	0001939;0002715;0000818	0002664
CNCR	1	Cancer	0002664;0002896;0004375;0004377;0007378;0008069;0009726;0010622;0010787;0012288;0100013;0100526;0100568	NA
CLIV	4	Liver_cancer	0002896	NA
CBRN	4	Brain_cancer	0004375	NA
CBLD	4	Blood_cancer	0004377	NA
CGST	4	Gastrointestinal_cancer	0007378	NA
CSKN	4	Skin_cancer	0008069	NA
CRNL	4	Renal_cancer	0009726	NA
CMSK	4	Musculoskeletal_cancer	0010622	NA
CGEN	4	Genital_cancer	0010787	NA
CHNK	4	Head_or_neck_cancer	0012288	NA
CBST	4	Breast_cancer	0100013	NA
CLNG	4	Lung_cancer	0100526	NA
CEND	4	Endocrine_cancer	0100568	NA
